    0      40         50          0          0          
    1      20         80         40         10         
    2      20         85         20         30         
    3      15         75         20         40        
    4      15         80         10         20         
   5       2         40         20         10         
   6       0         45         20         20         
   7      40          5         10         30         
   8      35          5         20         10        
   9      95         30         30         40        
   10      92         30         10         20         
   11      87         30         10         20       
   12      85         25         10         30         
   13      85         35         30         10        
   14      62         80         30         10         
   15      18         80         10         10        
   16      42         12         10         10         
   17      55         60         16         16        
   18      65         55         14         20        
   19      47         47         13          8         
   20      49         58         10          7       
   21      57         29         18         21        
   22      12         24         13          1         
   23      24         58         19         33         
   24      57         48         23          7         
   25       4         18         35         16       
