    0      40         50          0
    1      45         68         10
    2      45         70         30
    3      42         66         10
    4      42         68         10
    5      42         60         10
    6      40         69         20
    7      40         66         20
    8      38         68         20
    9      38         70         10
   10      35         66         10
   11      35         69         10
   12      25         85         20
   13      22         75         30
   14      22         85         10
   15      20         80         40
   16      20         85         40
   17      18         75         20
   18      15         75         20
   19      15         80         10
   20      30         50         10